108
876
345
744
664
143
1
925
197
875
67
988
986
62
510
202
886
251
141
224
941
626
296
405
743
760
704
866
607
231
72
321
844
14
764
159
56
839
980
265
935
750
862
719
320
33
715
586
719
949
199
989
27
973
897
86
678
410
218
222
506
177
993
82
553
992
173
14
513
29
125
870
626
1
528
611
601
18
620
387
986
663
271
834
161
103
134
885
222
81
471
510
774
667
589
665
709
158
663
39
547
101
487
144
597
453
265
112
269
42
533
54
874
489
907
424
913
861
806
99
325
570
1000
175
199
670
849
84
549
848
749
563
557
92
605
139
315
120
106
910
243
245
348
776
767
356
903
21
979
192
834
844
335
301
552
965
5079
9655
9823
1888
7352
9613
2061
8521
1888
3857
2367
1105
5862
4948
2962
8114
7754
8475
1499
6692
1169
1486
5846
4876
2792
1938
3195
5567
8482
9509
5737
7351
6150
6647
2638
7237
8036
7874
2311
4255
9852
2861
8422
9234
9249
7934
4739
1258
9438
3723
2300
9223
5435
6228
6416
9646
6623
6796
2358
3080
9757
3416
6257
1476
4537
8533
3336
4412
7247
9329
1632
1393
4050
1111
9809
7313
3060
7014
2188
4533
5017
6942
5521
5403
2534
8514
6768
7170
6437
3111
4080
6648
1920
8733
3306
5181
1036
4975
1007
3319
6231
1059
2438
9641
2534
7102
2048
7393
7301
4830
2415
6787
7371
6607
1508
7998
9840
5262
5485
7691
9332
3238
7125
1467
9937
2122
2826
2382
1509
8904
3215
3283
7811
3573
6936
1139
4489
9727
3774
3396
8091
1513
5044
6458
7256
8419
6385
8108
2978
1603
3427
5623
3300
4660
2577
7683
8937
85568
27156
34889
87073
49267
81675
61959
59903
16855
87041
44917
18678
94337
41358
17013
85189
82055
42433
19928
69385
83279
64487
58834
29568
17847
96307
32659
69769
82494
99672
31732
93376
99963
16770
20034
46380
44902
95735
29370
66352
45000
38758
31242
73083
78734
10841
77374
33063
72464
78279
59647
72932
52484
82114
46892
18701
83425
30937
99947
46027
96917
86613
44137
93501
21361
69642
27276
53202
66615
30022
85722
70689
29297
56994
33876
78607
47519
33669
98397
99917
48108
19415
30538
55008
16299
44752
29385
33147
45694
90333
16956
53262
53606
70885
19240
91718
17177
94385
98919
75552
78520
76076
32941
39160
73588
76182
97956
91444
68058
49981
50275
43157
68376
77759
48173
22936
22809
78253
86955
46833
88329
74402
41995
54571
79796
85299
24132
18757
58292
68511
72365
43470
79444
65461
13070
41221
64896
97718
27885
66724
65805
24108
54730
87574
61350
88084
55236
80618
38123
85664
18578
21589
32742
79010
37001
96428
725065
598293
678703
720635
355629
947928
415461
175598
302296
295149
708002
611912
777009
274039
513229
376717
426922
924932
449340
988029
404613
558663
653445
287805
188615
528256
974442
749153
961457
116988
472759
196635
890577
770587
966944
854728
492632
621260
125644
576477
173381
586791
255141
763160
821772
280143
430764
661433
423096
852892
501532
639553
121415
985957
912333
334598
654464
882882
192890
362549
779139
987878
319842
126755
114414
907884
748902
490777
626163
325755
362763
939128
368929
935516
285368
876262
631941
670094
581967
296797
119225
114611
437221
918778
543196
593168
416388
357971
736453
849950
115423
845397
454610
606807
582451
189858
388887
480492
463871
567407
859528
828483
226610
440643
728914
176984
595952
165364
737501
756888
401771
480642
292114
669100
433494
919435
922442
337632
438263
261816
123663
369337
205469
393850
638396
782753
385665
190477
886543
760294
779055
940126
541466
674229
355921
398827
393931
989835
977262
599614
649774
241317
359799
242323
418329
329713
400713
671801
543970
817986
648366
436421
452742
903317
844753
450129
4668726
6603362
3501288
4991124
6973189
1785758
5550323
9893235
2387415
2887228
2487315
6041948
4440020
6657077
8694875
4194270
2697348
3658372
3912308
2095883
7640004
5736570
9402852
8181552
7641553
5632480
3419258
6249961
5640132
5262414
2807571
4742694
2566548
1341484
3427553
9015795
6539158
7211384
9750919
2430514
4510701
8467527
5122590
4826441
1709200
5754406
9602468
6066190
6323831
9486083
8070721
1834317
8125842
5626822
8618957
9425803
3954626
8222995
1209884
8055440
1563408
1676075
8705579
3105241
3085512
1534565
1734102
6065446
5390187
7367041
2216860
5885300
5700919
7388663
4039044
7910318
2299784
7572446
8083126
9160259
3510979
7715323
9123838
1653317
4403086
5972362
3532682
6521696
6323172
2160766
6489289
9042473
4799091
7190730
7762649
6450229
9517397
1862201
6789592
8593521
2613073
5231113
4939457
2097779
8006854
3061159
8190521
5589577
3043132
7904446
1246543
8830761
6285187
2485919
2654826
2423212
2528363
1591705
9094727
8394801
3438219
8569102
7463546
5873832
9919787
2683365
5196286
5029476
3065827
4275690
8087122
2912306
9917105
3076657
6683055
5659326
7037257
9773530
2876745
7966344
5567694
4773107
6038360
2298117
9453649
1891607
8296283
5493400
6644728
8025446
5855962
2423758
9128886
5005211
3082457
8889642
28726065
95322618
28094837
31784165
41803721
71754366
54313981
89011151
68135068
46577730
71652817
98063429
82613122
23127446
77661534
54903044
82389395
97634326
25513242
27077047
56980496
58736736
49398848
90205065
42535825
76610844
65549384
10203728
90453783
10834388
14783847
82017092
57459238
11323034
93386118
43894540
57834234
64057555
56933837
70050126
37594797
33036573
14112702
37937259
41575442
85215059
71212963
31537293
88329496
72826770
20032186
61893637
81890855
26016719
65316880
74476655
68637093
42237143
32403037
31508769
85703964
90421388
45113143
96688086
22990781
84385770
96399407
41119761
35955827
93298531
39424713
69138303
96671628
71532858
61145796
93271929
22520091
30819842
28050519
27797051
86471984
66190435
45815597
40220417
73938778
30989675
39791026
47815633
38574325
16473255
67624534
13985802
51369234
10105661
77717347
53146628
96422605
31443262
34303731
78389673
54039687
16827180
50683766
89362941
11782358
71992858
80236105
71269838
56805210
94414173
61289623
73431604
14970262
22064386
92735780
47416411
34570563
58913597
65029415
29353106
43104424
57520244
22817158
58352103
85478389
50489268
51512560
49632036
81157136
12661783
67144822
26443539
43039928
59543410
73003934
59831860
59460904
22656773
87699835
10503051
44478850
38001457
99281584
96066507
72057672
86991074
28795114
35411076
82432617
39365589
74702945
20411088
63128619
31519736
44816533
37883575
433606218
203344807
952334310
793027015
156017229
360500910
141017293
569423059
803165877
140448324
326779050
363718123
557419400
732345727
954590164
428109208
864262646
289392631
660130813
695557275
918392029
652382862
517645263
202022650
976211138
790888068
133627640
414297206
541619877
824140135
685754916
756257398
522438654
330436999
733865390
405011766
419492421
233033274
358851481
974815663
760593207
364432405
303047970
580407646
381237999
272759807
998568584
312176765
837062500
669471437
918597238
613321019
195400288
697677020
494240414
524342681
509966175
135569139
271288621
434021587
165768823
177497368
556431132
508708533
852619848
899059049
269529784
421225408
761831801
821968300
799018203
263583351
226262025
834232102
432307401
232528940
324110889
313951842
808928335
163985788
666095433
592003412
375163999
301374650
311603592
931473017
467417019
626518608
522217069
672163268
397989134
200259898
816544835
200063228
411439178
731972131
233221184
276551666
591451133
443564414
989993303
590674723
985176782
337522105
123748041
270437837
427776365
569757755
234623851
710823995
411105323
599014981
356086826
823649808
782806065
241254741
222926064
365584455
528533270
683605949
505158813
439682959
256785415
439584693
474798719
398900177
166580397
114883387
793291433
806403864
717853755
957383175
250471123
823628906
811332228
811072855
165816580
729500951
447502893
166499118
473402297
609597295
290204763
410849110
208482705
425055920
253617062
655940489
960771955
475590428
629979182
113867311
422671668
333218850
256552793
405755377